s	h:m:s	max_rss	max_vms	max_uss	max_pss	io_in	io_out	mean_load	cpu_time
17.5635	0:00:17	6.42	12.61	4.56	5.66	2.15	0.00	87.89	15.71
