s	h:m:s	max_rss	max_vms	max_uss	max_pss	io_in	io_out	mean_load	cpu_time
61.9018	0:01:01	20602.35	34235.05	20570.84	20586.57	10.33	0.00	147.61	91.88
